Position          Color         ID          Texture

403.5  413          4           0           ball.png
1028.5 413          2           9           9.png
1062.5 393          2           12          12.png
1062.5 433          1           7           7.png
1096.5 374          1           1           1.png
1096.5 413          2           8           8.png
1096.5 452          2           15          15.png
1132.5 354          2           14          14.png
1132.5 393          1           3           3.png
1132.5 433          2           10          10.png
1132.5 472          1           6           6.png
1168.5 335          1           5           5.png
1168.5 374          1           4           4.png
1168.5 413          2           13          13.png
1168.5 452          1           2           2.png
1168.5 491          2           11          11.png
