     ID                          Position      Texture

     0                                403.5 413    White.png
    9                   1028.5        413        9.png
    12                               1062.5 393   12.png
                      7  1062.5 433 7.png
                      1  1096.5 374 1.png
                      8  1096.5 413 8.png
15  1096.5 452 15.png
14  1132.5 354 14.png
3  1132.5 393 3.png
10  1132.5 433 10.png
6  1132.5 472 6.png
5  1168.5 335 5.png
4  1168.5 374 4.png
13  1168.5 413 13.png
2  1168.5 452 2.png
11  1168.5 491 11.png
